,0,1,2,3,4,5,6,7,8,9,10,11,12,13,14,15,16,17,18,19,20,21,22,23,24,25,26,27,28,29,30,31,32,33,34,35,36,37,38,39,40,41,42,43,44,45,46,47,48,49,50,51,52,53,54,55,56,57,58,59,60,61,62,63,64,65,66,67,68,69,70,71,72,73,74,75,76,77,78,79,80,81,82,83,84,85,86,87,88,89,90,91,92,93,94,95,96,97,98,99,100,101,102,103,104,105,106,107,108,109,110,111,112,113,114,115,116,117,118,119,120,121,122,123,124,125,126,127,128,129,130,131,132,133,134,135,136,137,138,139,140,141,142,143,144,145,146,147,148,149,150,151,152,153,154,155,156,157,158,159,160,161,162,163,164,165,166,167,168,169,170,171,172,173,174,175,176,177,178,179,180,181,182,183,184,185,186,187,188,189,190,191,192,193,194,195,196,197,198,199,200
0,0.0,21471.0,29640.0,8782.0,14778.0,20691.0,8929.0,17096.0,22902.0,23355.0,14058.0,12661.0,17208.0,11101.0,17065.0,23915.0,18431.0,9028.0,29954.0,17043.0,22496.0,10558.0,19565.0,8655.0,14282.0,24875.0,18876.0,20888.0,10903.0,21417.0,13669.0,9999.0,10348.0,24566.0,10563.0,10310.0,11387.0,15851.0,18895.0,33691.0,8248.0,21721.0,5125.0,29182.0,26427.0,24854.0,6359.0,31101.0,32134.0,5138.0,28923.0,18067.0,8291.0,32382.0,31251.0,24217.0,11348.0,13433.0,8972.0,17465.0,12903.0,6336.0,7390.0,23808.0,28996.0,14498.0,4496.0,12610.0,13068.0,7075.0,5229.0,25820.0,8039.0,14437.0,10223.0,3725.0,21643.0,16047.0,16376.0,17844.0,20180.0,26617.0,28714.0,19919.0,27071.0,18255.0,25517.0,18115.0,22717.0,31329.0,11296.0,30038.0,30441.0,30130.0,12245.0,8651.0,14278.0,12589.0,14210.0,23167.0,6064.0,29195.0,9177.0,35833.0,21094.0,28286.0,18970.0,25677.0,10668.0,31462.0,15956.0,32516.0,16525.0,6318.0,14907.0,19311.0,8370.0,11923.0,17409.0,17747.0,27139.0,27502.0,25356.0,4726.0,24733.0,30388.0,19810.0,16850.0,23912.0,20100.0,22360.0,21590.0,27038.0,3731.0,32439.0,12202.0,7683.0,24704.0,18430.0,20202.0,10752.0,11578.0,4162.0,5878.0,25595.0,12411.0,10564.0,22349.0,14475.0,19280.0,21949.0,12623.0,5646.0,13439.0,16211.0,9248.0,32061.0,20910.0,28704.0,18235.0,25654.0,19692.0,10712.0,20519.0,18523.0,30348.0,26200.0,4590.0,29169.0,5038.0,28716.0,14367.0,13375.0,29506.0,14606.0,25395.0,12084.0,4891.0,9121.0,3353.0,30083.0,13463.0,24978.0,4112.0,13888.0,34916.0,28179.0,26981.0,13279.0,20914.0,9309.0,9533.0,6764.0,10203.0,9373.0,11086.0,34119.0,6136.0,23497.0,13424.0,27432.0
1,21471.0,0.0,13753.0,14313.0,20863.0,2951.0,17641.0,11371.0,40632.0,14749.0,13599.0,27770.0,26340.0,17215.0,33909.0,39253.0,27046.0,26180.0,19041.0,8585.0,10900.0,10997.0,19343.0,17921.0,29281.0,38573.0,29881.0,23773.0,11286.0,36264.0,23213.0,12024.0,11128.0,4531.0,17886.0,17474.0,15285.0,22894.0,36734.0,14370.0,16881.0,5652.0,19255.0,10718.0,23987.0,4777.0,25966.0,9897.0,50055.0,18310.0,16687.0,13421.0,21361.0,50120.0,10243.0,42982.0,10150.0,8738.0,15671.0,24812.0,10556.0,15356.0,26553.0,18051.0,21138.0,10706.0,18374.0,9520.0,18879.0,18693.0,16619.0,9822.0,14050.0,7038.0,25328.0,18199.0,20315.0,12590.0,22658.0,23764.0,39133.0,18750.0,15822.0,17721.0,8225.0,23363.0,39768.0,12836.0,6129.0,12135.0,12909.0,10191.0,9590.0,20128.0,10982.0,21395.0,30985.0,9600.0,23776.0,7848.0,21576.0,17745.0,12787.0,53823.0,23389.0,15775.0,31260.0,17522.0,11163.0,48324.0,31506.0,12025.0,29636.0,27706.0,8312.0,15046.0,15480.0,10568.0,4064.0,15656.0,9917.0,10494.0,5402.0,16746.0,8303.0,16212.0,15981.0,4870.0,15736.0,39453.0,21270.0,1938.0,17281.0,25177.0,50390.0,18146.0,24364.0,8913.0,34254.0,3172.0,10725.0,32389.0,17696.0,17844.0,4448.0,32734.0,16154.0,4140.0,7170.0,28875.0,6632.0,27504.0,18949.0,25695.0,26681.0,12905.0,48944.0,16448.0,17544.0,34022.0,5174.0,18416.0,12782.0,15709.0,27016.0,10094.0,26524.0,16886.0,13195.0,22321.0,7596.0,23238.0,12236.0,12174.0,10311.0,16228.0,9390.0,21277.0,22041.0,23098.0,15770.0,8545.0,33030.0,23689.0,30258.0,16626.0,7446.0,19626.0,9060.0,32844.0,23102.0,16101.0,14837.0,11408.0,14985.0,15308.0,16717.0,26151.0,19095.0,8067.0,13852.0
2,29640.0,13753.0,0.0,20871.0,33740.0,16700.0,22146.0,24915.0,42493.0,28380.0,26575.0,30284.0,25705.0,20449.0,36087.0,39457.0,25810.0,36759.0,31851.0,22056.0,24480.0,20062.0,32967.0,22502.0,31282.0,37728.0,29196.0,37317.0,19022.0,36607.0,35639.0,22823.0,20631.0,16402.0,21268.0,21146.0,27570.0,35798.0,39196.0,22753.0,28172.0,9138.0,25478.0,21293.0,37723.0,16451.0,35489.0,15987.0,51181.0,28452.0,29375.0,27064.0,25492.0,51073.0,16894.0,45505.0,19655.0,20550.0,27121.0,37815.0,16792.0,24964.0,36331.0,31758.0,34457.0,15149.0,25364.0,21079.0,20419.0,23979.0,24448.0,4233.0,24430.0,17582.0,36515.0,27472.0,34038.0,25972.0,21957.0,22240.0,42234.0,32220.0,28411.0,31416.0,5997.0,21510.0,39121.0,26490.0,8201.0,21420.0,18394.0,19340.0,17050.0,33074.0,17450.0,25326.0,33665.0,17571.0,36255.0,6953.0,26879.0,30544.0,20704.0,54745.0,36973.0,28499.0,31003.0,31031.0,21924.0,48667.0,33296.0,19228.0,30350.0,35786.0,15094.0,28755.0,21465.0,22187.0,15705.0,29226.0,21734.0,22272.0,16841.0,25479.0,21044.0,28222.0,29701.0,17237.0,29352.0,42898.0,35001.0,15547.0,30544.0,33208.0,51518.0,20394.0,34919.0,5385.0,35648.0,11977.0,20294.0,38200.0,25484.0,24205.0,14556.0,37942.0,28214.0,9836.0,18662.0,27613.0,8439.0,29963.0,29375.0,27233.0,26746.0,20538.0,49250.0,30197.0,30449.0,35435.0,16062.0,32079.0,24478.0,29456.0,25715.0,18618.0,40272.0,25477.0,24886.0,32346.0,10208.0,35813.0,24953.0,23239.0,23243.0,29683.0,19529.0,31383.0,25692.0,32299.0,27795.0,20229.0,29604.0,33035.0,32884.0,25643.0,16420.0,33114.0,16893.0,31957.0,34406.0,20862.0,23213.0,20220.0,26507.0,19349.0,26571.0,35468.0,32835.0,18745.0,26509.0
3,8782.0,14313.0,20871.0,0.0,17872.0,14489.0,3885.0,14761.0,26525.0,21353.0,13235.0,13840.0,14472.0,4855.0,19855.0,25724.0,15521.0,16711.0,27755.0,13246.0,19107.0,4191.0,20579.0,4043.0,15465.0,25582.0,17500.0,23513.0,3071.0,22799.0,18302.0,6830.0,4666.0,18228.0,5026.0,4518.0,11903.0,19637.0,22558.0,28054.0,10299.0,13305.0,5053.0,23798.0,27398.0,18518.0,14849.0,24209.0,35998.0,8895.0,26100.0,16627.0,7254.0,36105.0,24539.0,28733.0,5052.0,8687.0,9893.0,21643.0,4297.0,5735.0,15778.0,23075.0,27967.0,5722.0,4553.0,8161.0,7400.0,4418.0,3701.0,17120.0,6601.0,7749.0,17084.0,7248.0,22508.0,14460.0,11797.0,13309.0,24846.0,25353.0,25606.0,20093.0,18647.0,13351.0,26615.0,16382.0,14259.0,25692.0,2530.0,24032.0,23844.0,28317.0,3671.0,7363.0,16877.0,4713.0,18949.0,14526.0,7265.0,26715.0,2149.0,39777.0,23485.0,25295.0,18452.0,24186.0,6665.0,34513.0,17661.0,26187.0,16411.0,14933.0,6541.0,18398.0,1253.0,8313.0,10452.0,17460.0,22146.0,22625.0,19105.0,5156.0,19810.0,26885.0,19214.0,10561.0,22175.0,25144.0,23434.0,15013.0,25043.0,12344.0,36329.0,6314.0,14977.0,16026.0,20441.0,12313.0,4880.0,18343.0,4656.0,3637.0,18732.0,18533.0,11797.0,14206.0,8570.0,17051.0,13404.0,13610.0,9966.0,12412.0,14226.0,1791.0,35134.0,20257.0,26300.0,20211.0,19176.0,20244.0,9046.0,19632.0,15550.0,24128.0,28302.0,5045.0,24839.0,12171.0,20886.0,18790.0,11667.0,24630.0,11664.0,23452.0,6079.0,11364.0,8067.0,11639.0,26502.0,8482.0,22314.0,12407.0,16186.0,29828.0,21632.0,25967.0,5282.0,20281.0,15336.0,2726.0,3202.0,3732.0,9664.0,3436.0,29424.0,14751.0,23298.0,7266.0,23929.0
4,14778.0,20863.0,33740.0,17872.0,0.0,18367.0,20796.0,9987.0,37137.0,12711.0,7270.0,27393.0,31073.0,22512.0,31717.0,38625.0,32260.0,10429.0,18294.0,12408.0,14360.0,15371.0,5852.0,20717.0,29039.0,39653.0,33278.0,6116.0,17141.0,36184.0,3154.0,11898.0,14628.0,21193.0,22414.0,21956.0,6424.0,2058.0,33252.0,27014.0,7664.0,24603.0,18232.0,22776.0,11999.0,21395.0,13049.0,27541.0,45988.0,10148.0,18278.0,8791.0,22113.0,46311.0,27241.0,37931.0,15265.0,13254.0,7988.0,4099.0,19401.0,12249.0,12706.0,11275.0,16053.0,21412.0,16809.0,12840.0,25038.0,19725.0,15373.0,29511.0,11322.0,16353.0,8266.0,12229.0,7695.0,8516.0,29234.0,30778.0,33995.0,14250.0,18525.0,7190.0,28917.0,30955.0,40284.0,9299.0,25545.0,25018.0,19654.0,24702.0,26308.0,17960.0,18951.0,22434.0,29015.0,17690.0,3433.0,26854.0,20268.0,18019.0,16241.0,49554.0,6320.0,17999.0,33579.0,13760.0,12616.0,45731.0,30733.0,27440.0,31162.0,17241.0,19818.0,8477.0,18572.0,11800.0,18053.0,6738.0,20441.0,20509.0,21584.0,13617.0,18543.0,20521.0,8254.0,16561.0,12722.0,33670.0,8141.0,19677.0,15549.0,16172.0,46271.0,23960.0,9621.0,28375.0,33170.0,21813.0,14787.0,24525.0,15341.0,17896.0,23100.0,25848.0,6169.0,24088.0,15128.0,33412.0,25348.0,27334.0,9295.0,27756.0,30336.0,16632.0,46310.0,9028.0,17500.0,32982.0,22287.0,6521.0,9719.0,9126.0,32326.0,25402.0,11424.0,13873.0,20859.0,10472.0,28104.0,2750.0,8794.0,22092.0,10600.0,14156.0,14918.0,10096.0,23069.0,12770.0,20385.0,13593.0,39056.0,12586.0,28654.0,27038.0,24371.0,14262.0,18172.0,35532.0,6895.0,20338.0,14772.0,15517.0,8302.0,21308.0,25652.0,13638.0,10377.0,15288.0,18106.0
5,20691.0,2951.0,16700.0,14489.0,18367.0,0.0,18126.0,8622.0,41013.0,11825.0,11173.0,28273.0,27557.0,18050.0,34336.0,40011.0,28357.0,24480.0,16397.0,5962.0,8011.0,10664.0,16492.0,18367.0,29856.0,39557.0,31006.0,20954.0,11424.0,37042.0,20881.0,10811.0,10594.0,3880.0,18637.0,18182.0,13171.0,20367.0,37043.0,13566.0,15158.0,8432.0,19166.0,9390.0,21035.0,4170.0,24619.0,10477.0,50485.0,16985.0,14119.0,10580.0,21724.0,50587.0,10569.0,43183.0,9752.0,7343.0,13929.0,22229.0,11314.0,14390.0,25111.0,15103.0,18302.0,11961.0,18109.0,8175.0,19985.0,18901.0,16200.0,12767.0,12862.0,6751.0,23432.0,17195.0,17402.0,9937.0,24024.0,25240.0,39256.0,15872.0,13310.0,14831.0,11091.0,24914.0,40694.0,9990.0,9009.0,11207.0,13559.0,9571.0,9751.0,17425.0,11597.0,21807.0,31363.0,9926.0,21415.0,10707.0,21625.0,15120.0,12671.0,54263.0,20552.0,13208.0,32265.0,14634.0,10051.0,48939.0,32072.0,11883.0,30481.0,26762.0,9347.0,12150.0,15723.0,9074.0,4224.0,12852.0,8048.0,8594.0,4703.0,16011.0,6024.0,13926.0,13074.0,3973.0,12816.0,39491.0,18350.0,1313.0,14484.0,24314.0,50817.0,19144.0,22707.0,11839.0,34846.0,5623.0,10216.0,31968.0,17221.0,17801.0,5121.0,32461.0,14118.0,7052.0,6267.0,30138.0,9407.0,28028.0,17491.0,26483.0,27747.0,12875.0,49561.0,13513.0,14881.0,34615.0,4965.0,15544.0,11074.0,12778.0,28340.0,9749.0,23589.0,16192.0,11159.0,20898.0,9742.0,20845.0,10004.0,10485.0,8032.0,13363.0,8819.0,19858.0,22491.0,21930.0,13492.0,7259.0,34599.0,22457.0,30666.0,15442.0,7488.0,16740.0,9545.0,33940.0,21203.0,16635.0,14363.0,11123.0,13242.0,16098.0,15233.0,24865.0,16143.0,7461.0,11355.0
6,8929.0,17641.0,22146.0,3885.0,20796.0,18126.0,0.0,18588.0,22993.0,25201.0,16855.0,10160.0,10716.0,2173.0,16275.0,21925.0,11814.0,17800.0,31629.0,17130.0,22992.0,8074.0,24035.0,356.0,11730.0,21708.0,13638.0,26663.0,6776.0,18979.0,20774.0,10533.0,8543.0,21767.0,1707.0,1383.0,15225.0,22407.0,19099.0,31671.0,13134.0,15707.0,3846.0,27494.0,30933.0,22053.0,15284.0,27479.0,32430.0,11022.0,29985.0,20391.0,3759.0,32509.0,27876.0,25377.0,8923.0,12572.0,12990.0,24332.0,7110.0,8595.0,16319.0,26821.0,31768.0,7644.0,4606.0,12038.0,4366.0,1962.0,5454.0,18814.0,9913.0,11460.0,18633.0,9015.0,26016.0,18210.0,8439.0,9983.0,21592.0,29165.0,29491.0,23688.0,20885.0,10171.0,22757.0,20174.0,16566.0,29325.0,4752.0,27592.0,27230.0,32175.0,6659.0,3760.0,13344.0,8202.0,21401.0,16469.0,4733.0,30595.0,6024.0,36202.0,26691.0,29180.0,14567.0,28011.0,10473.0,30814.0,13948.0,29638.0,12539.0,14235.0,9429.0,22123.0,2676.0,12139.0,13980.0,21087.0,25916.0,26406.0,22655.0,7237.0,23605.0,30759.0,22908.0,14268.0,26009.0,21996.0,26914.0,18539.0,28903.0,11831.0,32764.0,3369.0,16255.0,17825.0,16721.0,15289.0,8765.0,16101.0,5762.0,3206.0,22089.0,15992.0,14952.0,16898.0,12391.0,13263.0,15595.0,9908.0,12068.0,8533.0,10378.0,5676.0,31435.0,23970.0,30178.0,16489.0,22659.0,23778.0,12638.0,23367.0,11855.0,27630.0,31624.0,7005.0,28668.0,13417.0,23684.0,21343.0,15372.0,28400.0,15500.0,27304.0,9947.0,12837.0,4401.0,12233.0,30374.0,12366.0,18650.0,13009.0,12618.0,33540.0,25060.0,29759.0,8636.0,16399.0,17204.0,1548.0,6199.0,7617.0,12895.0,2820.0,33195.0,15031.0,26980.0,11090.0,27808.0
7,17096.0,11371.0,24915.0,14761.0,9987.0,8622.0,18588.0,0.0,39635.0,6637.0,3513.0,27807.0,29230.0,19496.0,33329.0,39779.0,30264.0,17869.0,13193.0,2865.0,5510.0,10737.0,8061.0,18685.0,29508.0,40017.0,32222.0,12420.0,12463.0,36971.0,12783.0,8155.0,10137.0,11208.0,19771.0,19262.0,6337.0,11908.0,35584.0,17832.0,9352.0,15995.0,17833.0,13367.0,13683.0,11409.0,19000.0,17600.0,49023.0,12193.0,11887.0,2270.0,21388.0,49230.0,17345.0,41217.0,10067.0,6458.0,8308.0,13686.0,13933.0,11296.0,19192.0,8498.0,13217.0,15583.0,16414.0,6725.0,21950.0,18463.0,14385.0,20784.0,9483.0,9181.0,16336.0,13395.0,9323.0,1529.0,26366.0,27820.0,37180.0,10596.0,11625.0,6638.0,19592.0,27736.0,40944.0,1797.0,16813.0,15640.0,15319.0,15010.0,16416.0,13628.0,13785.0,21602.0,30354.0,11994.0,13246.0,18349.0,20387.0,12281.0,12620.0,52763.0,12060.0,11210.0,33066.0,9425.0,8115.0,48054.0,31580.0,17745.0,30894.0,22176.0,13215.0,4154.0,15917.0,6451.0,9539.0,4311.0,11065.0,11268.0,11602.0,13276.0,8892.0,13298.0,5117.0,7975.0,7421.0,37162.0,10315.0,9929.0,10373.0,20132.0,49337.0,20902.0,16315.0,19727.0,34308.0,13026.0,10002.0,28612.0,15048.0,16804.0,13140.0,29507.0,7395.0,15079.0,7720.0,31812.0,16877.0,27638.0,12198.0,26971.0,28966.0,13002.0,48667.0,5945.0,11820.0,34088.0,12300.0,7216.0,6514.0,5219.0,30288.0,15635.0,15640.0,13545.0,12382.0,15331.0,18258.0,12619.0,3723.0,13117.0,3101.0,8748.0,9175.0,14399.0,22326.0,17039.0,13003.0,6777.0,37017.0,17327.0,29784.0,18448.0,14417.0,11234.0,12137.0,34940.0,14209.0,17470.0,12800.0,11140.0,7788.0,17724.0,17394.0,19407.0,9012.0,8627.0,10362.0
8,22902.0,40632.0,42493.0,26525.0,37137.0,41013.0,22993.0,39635.0,0.0,46105.0,36850.0,12891.0,16974.0,23603.0,6730.0,5373.0,17174.0,28034.0,52725.0,39000.0,44787.0,30493.0,42348.0,22719.0,11501.0,8569.0,13872.0,43069.0,29590.0,6759.0,35255.0,31738.0,30735.0,44727.0,22860.0,23229.0,34267.0,37753.0,4052.0,54578.0,31149.0,38165.0,22096.0,50299.0,49077.0,45015.0,24622.0,50443.0,9483.0,28039.0,51519.0,40846.0,19305.0,9629.0,50860.0,3428.0,31407.0,34695.0,31817.0,38924.0,30084.0,28345.0,25343.0,46709.0,51897.0,30287.0,23389.0,33987.0,22583.0,22117.0,25440.0,40193.0,30166.0,34270.0,30228.0,26407.0,44413.0,38750.0,20562.0,20498.0,3872.0,49501.0,51208.0,42805.0,42939.0,21286.0,7695.0,40837.0,38889.0,52216.0,27727.0,50544.0,50222.0,52970.0,29652.0,19247.0,9657.0,31146.0,35636.0,38373.0,19535.0,51893.0,28413.0,13261.0,43378.0,50818.0,11986.0,48534.0,32090.0,8597.0,9325.0,52629.0,12158.0,20275.0,32375.0,42180.0,25292.0,33677.0,36934.0,40645.0,48564.0,49017.0,45610.0,26367.0,46187.0,52737.0,42704.0,37079.0,46719.0,4872.0,45068.0,41501.0,49827.0,20966.0,9812.0,22987.0,27983.0,39435.0,6845.0,38181.0,31060.0,13101.0,24647.0,23360.0,45080.0,11533.0,33465.0,39575.0,34990.0,15661.0,37843.0,13173.0,28491.0,15449.0,15788.0,28172.0,9183.0,43807.0,51418.0,7058.0,45641.0,42544.0,33121.0,43400.0,17298.0,50609.0,48407.0,26103.0,51068.0,26664.0,46330.0,36014.0,35948.0,51037.0,36833.0,48179.0,32412.0,27105.0,18592.0,24370.0,52394.0,34582.0,17369.0,24569.0,10375.0,56308.0,48052.0,49880.0,31617.0,11865.0,30577.0,24531.0,27205.0,30020.0,32151.0,25415.0,55812.0,23994.0,46387.0,33701.0,49749.0
9,23355.0,14749.0,28380.0,21353.0,12711.0,11825.0,25201.0,6637.0,46105.0,0.0,9298.0,34424.0,35803.0,26030.0,39879.0,46383.0,36817.0,22521.0,6620.0,8398.0,3908.0,17262.0,7651.0,25305.0,36127.0,46652.0,38838.0,11746.0,18917.0,43590.0,15865.0,14791.0,16700.0,12403.0,26341.0,25832.0,12052.0,14015.0,42060.0,14869.0,15240.0,20219.0,24442.0,11167.0,9521.0,12461.0,24327.0,17182.0,55443.0,18286.0,5762.0,5290.0,28023.0,55669.0,16611.0,47567.0,16532.0,12830.0,14390.0,15112.0,20145.0,17836.0,24315.0,3528.0,6836.0,21605.0,23009.0,13228.0,28442.0,25100.0,20993.0,24564.0,16045.0,15115.0,20607.0,19727.0,7275.0,7356.0,32840.0,34266.0,43530.0,4227.0,5854.0,5790.0,22544.0,34139.0,47573.0,5269.0,20832.0,13206.0,21741.0,13525.0,15724.0,6991.0,20084.0,28238.0,36917.0,18241.0,16104.0,22523.0,26985.0,5854.0,19205.0,59164.0,11170.0,5340.0,39699.0,2973.0,14736.0,54571.0,38184.0,16101.0,37531.0,27931.0,19065.0,4413.0,22526.0,13065.0,14539.0,6243.0,9020.0,8860.0,12309.0,19812.0,8074.0,7826.0,4458.0,13155.0,994.0,43452.0,7956.0,12869.0,3746.0,26111.0,55753.0,27412.0,21247.0,23659.0,40901.0,17310.0,16534.0,34701.0,21616.0,23435.0,14493.0,35705.0,13001.0,18876.0,13715.0,38394.0,21184.0,34259.0,18085.0,33606.0,35574.0,19579.0,55182.0,3792.0,5355.0,40682.0,13157.0,6632.0,13056.0,3585.0,36836.0,14389.0,12561.0,20086.0,8420.0,20878.0,19885.0,15409.0,10193.0,9971.0,9702.0,2111.0,15581.0,20061.0,28962.0,22839.0,7676.0,13108.0,43531.0,23001.0,36361.0,14476.0,14367.0,5024.0,18273.0,41570.0,18758.0,24045.0,19432.0,17684.0,13990.0,24213.0,12997.0,24813.0,4850.0,14821.0,5472.0
10,14058.0,13599.0,26575.0,13235.0,7270.0,11173.0,16855.0,3513.0,36850.0,9298.0,0.0,25437.0,27569.0,18088.0,30707.0,37319.0,28667.0,14361.0,15900.0,5273.0,8961.0,9679.0,7509.0,16892.0,27144.0,37772.0,30337.0,11185.0,11523.0,34590.0,9715.0,6415.0,8966.0,14255.0,18229.0,17725.0,2873.0,9312.0,32811.0,21339.0,6007.0,17457.0,15485.0,16862.0,14179.0,14483.0,15525.0,20823.0,46161.0,9000.0,14915.0,4010.0,19235.0,46394.0,20631.0,38272.0,9259.0,6384.0,5095.0,11277.0,13448.0,8775.0,15692.0,10105.0,15223.0,15333.0,14014.0,6199.0,20624.0,16403.0,12077.0,22358.0,7087.0,9518.0,12872.0,10447.0,9329.0,2109.0,25031.0,26538.0,34234.0,12722.0,14778.0,6859.0,21653.0,26552.0,38623.0,4084.0,18374.0,19133.0,14337.0,18433.0,19708.0,16122.0,13143.0,19487.0,27772.0,11556.0,10242.0,19750.0,17964.0,15142.0,11202.0,49875.0,10983.0,14324.0,31021.0,11701.0,6764.0,45347.0,29136.0,21156.0,28754.0,18824.0,13328.0,5416.0,14259.0,5388.0,10870.0,4233.0,14569.0,14779.0,14749.0,10710.0,12360.0,16557.0,6104.0,9344.0,9871.0,34155.0,10283.0,12473.0,12988.0,16882.0,46470.0,19543.0,12802.0,21238.0,31814.0,14609.0,8971.0,25440.0,12561.0,14634.0,16056.0,26417.0,3914.0,16855.0,8163.0,30098.0,18244.0,25295.0,8871.0,24938.0,27144.0,11608.0,45955.0,7195.0,14649.0,31600.0,15384.0,7049.0,4217.0,6667.0,28706.0,19021.0,15376.0,10991.0,15852.0,11891.0,20913.0,9673.0,1786.0,16628.0,3344.0,11343.0,8614.0,10989.0,20199.0,13691.0,16291.0,6741.0,35496.0,13932.0,27248.0,21948.0,17633.0,13190.0,11892.0,32936.0,10722.0,15948.0,10736.0,9981.0,4701.0,16495.0,20861.0,15948.0,10140.0,8600.0,13684.0
11,12661.0,27770.0,30284.0,13840.0,27393.0,28273.0,10160.0,27807.0,12891.0,34424.0,25437.0,0.0,7028.0,10721.0,6162.0,11989.0,8022.0,20563.0,41000.0,26785.0,32654.0,17945.0,31848.0,9908.0,1707.0,12377.0,6846.0,33510.0,16870.0,9168.0,26301.0,19681.0,18278.0,31928.0,9971.0,10338.0,23181.0,28512.0,9131.0,41827.0,20335.0,25327.0,9984.0,37623.0,38796.0,32214.0,17102.0,37558.0,22285.0,17378.0,39559.0,29310.0,6597.0,22353.0,37984.0,15496.0,18843.0,22321.0,20705.0,30103.0,17215.0,16665.0,18122.0,35532.0,40659.0,17402.0,11434.0,21678.0,9933.0,9529.0,13432.0,27635.0,18408.0,21569.0,22306.0,15407.0,33920.0,27137.0,9174.0,9831.0,11981.0,38135.0,39151.0,31933.0,30212.0,10606.0,13187.0,29204.0,26081.0,39477.0,14862.0,37753.0,37358.0,41401.0,16802.0,6478.0,3402.0,18357.0,26823.0,25658.0,7473.0,40058.0,15844.0,26053.0,33690.0,38800.0,6449.0,37065.0,19882.0,20675.0,3827.0,39783.0,4012.0,13605.0,19493.0,30852.0,12589.0,21534.0,24140.0,29520.0,35986.0,36462.0,32816.0,14731.0,33643.0,40547.0,31509.0,24383.0,35139.0,12614.0,34706.0,28699.0,38169.0,12643.0,22620.0,10197.0,19740.0,26804.0,6606.0,25290.0,18569.0,10277.0,12876.0,11033.0,32216.0,9175.0,22570.0,26703.0,22401.0,7910.0,25045.0,324.0,18125.0,3307.0,5523.0,15562.0,21297.0,32611.0,39610.0,6377.0,32815.0,31833.0,21392.0,32104.0,8159.0,37786.0,38793.0,14449.0,38639.0,17498.0,33471.0,27011.0,24259.0,38469.0,24834.0,36532.0,19866.0,17525.0,5784.0,15344.0,40180.0,22166.0,13239.0,15872.0,2622.0,43661.0,35204.0,38625.0,18796.0,8348.0,21809.0,11683.0,15031.0,17472.0,20881.0,12524.0,43262.0,16556.0,35440.0,21099.0,37567.0
12,17208.0,26340.0,25705.0,14472.0,31073.0,27557.0,10716.0,29230.0,16974.0,35803.0,27569.0,7028.0,0.0,9807.0,11096.0,13790.0,1223.0,25985.0,42134.0,27578.0,33362.0,18547.0,34683.0,10680.0,6950.0,12436.0,3630.0,37081.0,16970.0,10904.0,30595.0,21241.0,19104.0,30805.0,9463.0,9972.0,25847.0,32509.0,14142.0,40710.0,23503.0,22649.0,12858.0,36875.0,41610.0,31071.0,22743.0,35583.0,25477.0,20969.0,40368.0,31087.0,9036.0,25376.0,36152.0,20174.0,19313.0,23026.0,23522.0,34315.0,16313.0,19135.0,23812.0,37527.0,42439.0,15663.0,14264.0,22578.0,7586.0,11387.0,15816.0,23805.0,20581.0,21354.0,27407.0,18876.0,36687.0,28911.0,3878.0,3524.0,17420.0,39825.0,39806.0,34392.0,26860.0,4313.0,13742.0,30852.0,23194.0,38459.0,14272.0,36530.0,35664.0,42745.0,16148.0,8695.0,9548.0,17981.0,31182.0,22354.0,11151.0,41052.0,16611.0,29061.0,37156.0,39532.0,5323.0,38654.0,21135.0,23046.0,8327.0,38196.0,4928.0,19853.0,18220.0,32833.0,13349.0,22785.0,23342.0,31800.0,35586.0,36118.0,31696.0,17507.0,33407.0,40928.0,33624.0,24024.0,36638.0,18308.0,37570.0,27663.0,39471.0,18361.0,25814.0,8509.0,24840.0,23190.0,10192.0,23426.0,19272.0,17304.0,15736.0,13226.0,30631.0,16181.0,25486.0,24287.0,22523.0,2608.0,22125.0,6770.0,21914.0,4175.0,1520.0,16230.0,23642.0,34684.0,40656.0,10000.0,31514.0,34463.0,23352.0,34075.0,1322.0,36390.0,42162.0,17239.0,38564.0,22244.0,30757.0,31239.0,26084.0,38039.0,26131.0,37894.0,20302.0,21991.0,8127.0,20387.0,40524.0,22780.0,7998.0,21050.0,8890.0,42891.0,33683.0,40438.0,18183.0,6586.0,26473.0,11761.0,16869.0,18120.0,23497.0,11704.0,42786.0,22275.0,37696.0,21267.0,38036.0
13,11101.0,17215.0,20449.0,4855.0,22512.0,18050.0,2173.0,19496.0,23603.0,26030.0,18088.0,10721.0,9807.0,0.0,16880.0,22042.0,10790.0,19946.0,32330.0,17773.0,23557.0,8769.0,25426.0,2466.0,12136.0,21508.0,13059.0,28270.0,7162.0,19057.0,22665.0,11678.0,9361.0,21523.0,823.0,808.0,16706.0,24194.0,19836.0,31471.0,14861.0,14633.0,6015.0,27436.0,32253.0,21802.0,17457.0,26902.0,32941.0,12961.0,30564.0,21425.0,5047.0,32979.0,27362.0,26185.0,9513.0,13227.0,14594.0,26155.0,6743.0,10264.0,18490.0,27878.0,32713.0,6685.0,6741.0,12803.0,2554.0,4100.0,7349.0,17322.0,11377.0,11620.0,20728.0,11010.0,27362.0,19271.0,6943.0,8455.0,22531.0,30089.0,30010.0,24947.0,19638.0,8516.0,22647.0,21157.0,15419.0,29158.0,4527.0,27334.0,26770.0,32953.0,6467.0,4901.0,14065.0,8246.0,23300.0,15130.0,6592.0,31245.0,6921.0,36693.0,28264.0,29731.0,14228.0,28904.0,11463.0,31117.0,14355.0,29236.0,12450.0,16339.0,8904.0,23218.0,3951.0,13080.0,13833.0,22311.0,26003.0,26518.0,22418.0,9123.0,23761.0,31166.0,24047.0,14354.0,26880.0,23028.0,28285.0,18312.0,29680.0,13968.0,33278.0,1466.0,18378.0,16394.0,17074.0,14606.0,9501.0,17761.0,7801.0,5327.0,21638.0,17504.0,16534.0,15982.0,12737.0,12413.0,14402.0,10432.0,14022.0,8482.0,9771.0,6524.0,31737.0,25081.0,30850.0,16842.0,22340.0,25099.0,13901.0,24445.0,10807.0,27299.0,33123.0,8915.0,28892.0,15534.0,22756.0,23209.0,16505.0,28477.0,16396.0,28114.0,10496.0,14921.0,5347.0,14398.0,30767.0,12976.0,17522.0,15176.0,13302.0,33485.0,24661.0,30727.0,8526.0,15949.0,19239.0,2185.0,7751.0,8357.0,14425.0,1954.0,33257.0,17204.0,28132.0,11470.0,28257.0
14,17065.0,33909.0,36087.0,19855.0,31717.0,34336.0,16275.0,33329.0,6730.0,39879.0,30707.0,6162.0,11096.0,16880.0,0.0,6944.0,11593.0,23488.0,46492.0,32532.0,38363.0,23878.0,36628.0,16007.0,4842.0,8657.0,8726.0,37776.0,22913.0,5003.0,30167.0,25312.0,24154.0,38028.0,16133.0,16499.0,28247.0,32562.0,3114.0,47900.0,25216.0,31466.0,15592.0,43651.0,43486.0,38315.0,19956.0,43714.0,16158.0,22134.0,45180.0,34668.0,12612.0,16251.0,44133.0,9439.0,24788.0,28154.0,25768.0,33935.0,23358.0,22045.0,20834.0,40706.0,45881.0,23563.0,16948.0,27470.0,15947.0,15467.0,18998.0,33625.0,23849.0,27604.0,25527.0,20347.0,38706.0,32532.0,14339.0,14530.0,6328.0,43422.0,44826.0,36923.0,36294.0,15337.0,8881.0,34617.0,32204.0,45542.0,21002.0,43849.0,43499.0,46808.0,22931.0,12540.0,3000.0,24446.0,30616.0,31731.0,13015.0,45610.0,21786.0,19933.0,38029.0,44453.0,7066.0,42407.0,25607.0,14758.0,2820.0,45913.0,6184.0,15792.0,25646.0,36096.0,18615.0,27224.0,30235.0,34643.0,41956.0,42419.0,38913.0,20068.0,39592.0,46299.0,36680.0,30416.0,40538.0,7222.0,39423.0,34800.0,43619.0,15814.0,16491.0,16300.0,23092.0,32833.0,2010.0,31451.0,24467.0,9701.0,18282.0,16796.0,38357.0,8044.0,27519.0,32858.0,28366.0,10477.0,31163.0,6447.0,22710.0,8872.0,9720.0,21531.0,15376.0,37786.0,45146.0,1974.0,38932.0,36732.0,26831.0,37334.0,11731.0,43901.0,43120.0,19794.0,44525.0,21347.0,39621.0,30913.0,29687.0,44435.0,30448.0,41972.0,25801.0,21624.0,11875.0,19054.0,45945.0,28025.0,14016.0,19395.0,3669.0,49674.0,41335.0,43851.0,24906.0,7967.0,25506.0,17810.0,20715.0,23404.0,26040.0,18685.0,49220.0,19343.0,40485.0,27071.0,43311.0
15,23915.0,39253.0,39457.0,25724.0,38625.0,40011.0,21925.0,39779.0,5373.0,46383.0,37319.0,11989.0,13790.0,22042.0,6944.0,0.0,13655.0,30391.0,52971.0,38769.0,44640.0,29876.0,43449.0,21712.0,10304.0,3200.0,10262.0,44697.0,28700.0,2993.0,37110.0,31665.0,30238.0,43556.0,21400.0,21840.0,34952.0,39498.0,6529.0,53500.0,31982.0,36136.0,21946.0,49396.0,50339.0,43837.0,26867.0,48847.0,11786.0,28928.0,51547.0,41234.0,18544.0,11635.0,49346.0,8633.0,30763.0,34289.0,32469.0,40878.0,28764.0,28575.0,27724.0,47381.0,52535.0,28611.0,23374.0,33657.0,20518.0,21493.0,25394.0,37579.0,30345.0,33385.0,32452.0,27074.0,45528.0,39072.0,17635.0,17218.0,8594.0,50038.0,51138.0,43674.0,40571.0,17950.0,2440.0,41147.0,36759.0,51175.0,26464.0,49373.0,48782.0,53350.0,28427.0,18389.0,9640.0,30093.0,37560.0,36032.0,19398.0,52040.0,27777.0,15289.0,44941.0,50789.0,8468.0,48990.0,31870.0,9266.0,8199.0,51265.0,9640.0,22654.0,30944.0,42730.0,24471.0,33522.0,35820.0,41335.0,47841.0,48330.0,44450.0,26616.0,45525.0,52524.0,43352.0,36189.0,47082.0,9746.0,46265.0,40338.0,50129.0,22757.0,12118.0,21142.0,30030.0,36935.0,5514.0,36555.0,30517.0,16113.0,24782.0,23021.0,43663.0,14429.0,34268.0,37684.0,34292.0,11898.0,35692.0,12179.0,29550.0,13560.0,12940.0,27478.0,9870.0,44457.0,51589.0,5723.0,44383.0,43516.0,33334.0,43977.0,13756.0,49340.0,50037.0,26337.0,50563.0,28283.0,44309.0,37854.0,36202.0,50325.0,36819.0,48489.0,31789.0,28540.0,17673.0,25992.0,52154.0,34124.0,12415.0,26339.0,10092.0,55447.0,46694.0,50502.0,30469.0,7632.0,32450.0,23385.0,27017.0,29405.0,32699.0,23969.0,55120.0,26250.0,47218.0,32989.0,49547.0
16,18431.0,27046.0,25810.0,15521.0,32260.0,28357.0,11814.0,30264.0,17174.0,36817.0,28667.0,8022.0,1223.0,10790.0,11593.0,13655.0,0.0,27205.0,43111.0,28556.0,34313.0,19555.0,35819.0,11794.0,7756.0,12040.0,3399.0,38257.0,17940.0,10863.0,31805.0,22317.0,20129.0,31535.0,10497.0,11006.0,26986.0,33708.0,14568.0,41411.0,24676.0,23176.0,14057.0,37637.0,42736.0,31798.0,23956.0,36165.0,25416.0,22166.0,41314.0,32147.0,10249.0,25286.0,36756.0,20447.0,20301.0,24016.0,24677.0,35521.0,17175.0,20284.0,25024.0,38593.0,43479.0,16419.0,15454.0,23589.0,8467.0,12556.0,16976.0,24096.0,21705.0,22253.0,28630.0,20073.0,37814.0,29976.0,4399.0,3604.0,17880.0,40860.0,40736.0,35501.0,27231.0,4302.0,13393.0,31902.0,23679.0,39179.0,15200.0,37226.0,36291.0,43743.0,17043.0,9905.0,10305.0,18889.0,32394.0,22765.0,12373.0,42017.0,17650.0,28943.0,38327.0,40471.0,5258.0,39682.0,22185.0,22858.0,8899.0,38832.0,5427.0,21030.0,19010.0,33907.0,14423.0,23827.0,24154.0,32899.0,36399.0,36936.0,32423.0,18680.0,34247.0,41824.0,34707.0,24889.0,37662.0,18813.0,38703.0,28419.0,40470.0,19567.0,25751.0,9442.0,26063.0,23532.0,10503.0,24084.0,20284.0,18287.0,16920.0,14395.0,31293.0,17109.0,26642.0,24848.0,23453.0,1876.0,22612.0,7783.0,23117.0,5336.0,2532.0,17264.0,23445.0,35761.0,41627.0,10327.0,32215.0,35584.0,24450.0,35145.0,142.0,37061.0,43323.0,18414.0,39410.0,23467.0,31231.0,32447.0,27162.0,38841.0,27163.0,38902.0,21280.0,23210.0,9345.0,21610.0,41417.0,23761.0,6845.0,22272.0,9693.0,43636.0,34343.0,41484.0,19061.0,6188.0,27693.0,12800.0,17990.0,19135.0,24639.0,12651.0,43571.0,23486.0,38784.0,22210.0,38949.0
17,9028.0,26180.0,36759.0,16711.0,10429.0,24480.0,17800.0,17869.0,28034.0,22521.0,14361.0,20563.0,25985.0,19946.0,23488.0,30391.0,27205.0,0.0,28544.0,19210.0,23202.0,16701.0,16272.0,17557.0,21984.0,31982.0,27232.0,15608.0,17817.0,28346.0,7732.0,14320.0,16162.0,28062.0,19480.0,19181.0,11657.0,10306.0,24411.0,35700.0,9329.0,28061.0,14099.0,31219.0,22137.0,28320.0,3539.0,34768.0,36386.0,8308.0,28257.0,17700.0,17256.0,36763.0,34685.0,28349.0,17169.0,17443.0,10556.0,11073.0,20169.0,11800.0,2693.0,21600.0,26475.0,22068.0,13206.0,16674.0,22046.0,16036.0,13057.0,32668.0,12457.0,19720.0,2288.0,9495.0,18111.0,16396.0,25391.0,26846.0,24577.0,24589.0,28364.0,17448.0,33189.0,27274.0,32355.0,18029.0,29083.0,33489.0,19184.0,32711.0,33784.0,28305.0,19536.0,17618.0,21206.0,19190.0,7944.0,29915.0,14976.0,28146.0,16222.0,39823.0,16031.0,27857.0,27012.0,23996.0,15230.0,36519.0,23198.0,35409.0,24572.0,7786.0,21667.0,18109.0,16701.0,15612.0,22403.0,16278.0,28930.0,29136.0,28684.0,11589.0,26704.0,30299.0,18169.0,21316.0,22721.0,24089.0,18491.0,25655.0,25712.0,7930.0,36650.0,21138.0,1850.0,31505.0,25225.0,25884.0,16518.0,14983.0,12292.0,14622.0,29597.0,16503.0,10609.0,28216.0,19114.0,27869.0,28522.0,20612.0,7423.0,22016.0,24864.0,16462.0,37067.0,19106.0,27625.0,25073.0,29209.0,16867.0,13434.0,19034.0,27307.0,33247.0,20800.0,11673.0,30063.0,4541.0,33773.0,8468.0,14810.0,30960.0,16700.0,24215.0,17469.0,5412.0,18031.0,5685.0,30102.0,17649.0,33522.0,4964.0,21055.0,36224.0,31613.0,24655.0,19866.0,28894.0,3764.0,18155.0,13788.0,16540.0,11244.0,19618.0,35037.0,4146.0,20783.0,18531.0,27624.0
18,29954.0,19041.0,31851.0,27755.0,18294.0,16397.0,31629.0,13193.0,52725.0,6620.0,15900.0,41000.0,42134.0,32330.0,46492.0,52971.0,43111.0,28544.0,0.0,14557.0,8889.0,23604.0,12553.0,31752.0,42700.0,53185.0,45254.0,15458.0,25171.0,50163.0,21378.0,21331.0,23089.0,15473.0,32691.0,32185.0,18609.0,19173.0,48680.0,13268.0,21795.0,24693.0,31025.0,11398.0,10274.0,15407.0,30620.0,17993.0,62058.0,24864.0,2491.0,11892.0,34559.0,62287.0,17191.0,54171.0,22822.0,19110.0,20983.0,19773.0,26164.0,24447.0,30523.0,7037.0,3901.0,27437.0,29602.0,19595.0,34677.0,31623.0,27577.0,28463.0,22649.0,21043.0,26495.0,26341.0,11197.0,13977.0,39032.0,40416.0,50134.0,4157.0,3485.0,11120.0,25855.0,40236.0,54127.0,11889.0,25113.0,12601.0,27937.0,13904.0,16489.0,1363.0,26180.0,34764.0,43527.0,24320.0,21489.0,26840.0,33577.0,1309.0,25608.0,65775.0,14835.0,3352.0,46174.0,4548.0,21214.0,61191.0,44772.0,15811.0,44042.0,34368.0,24815.0,10751.0,28955.0,19542.0,19908.0,12490.0,10233.0,9750.0,15011.0,26425.0,10883.0,4514.0,10466.0,18728.0,6056.0,50043.0,11345.0,17109.0,2924.0,32634.0,62368.0,33674.0,27416.0,27727.0,47497.0,22008.0,22890.0,41239.0,28222.0,29989.0,17305.0,42276.0,19523.0,23106.0,19732.0,44736.0,25672.0,40829.0,24618.0,40092.0,41976.0,25968.0,61801.0,9462.0,1529.0,47278.0,15803.0,11777.0,19663.0,9642.0,43124.0,14835.0,13829.0,26698.0,7528.0,27288.0,22266.0,20807.0,16806.0,9487.0,16194.0,4560.0,21834.0,26516.0,35489.0,29318.0,4789.0,19354.0,49750.0,29437.0,42965.0,11621.0,15987.0,4494.0,24262.0,48026.0,24819.0,30413.0,25983.0,24044.0,20599.0,30464.0,9813.0,31134.0,8142.0,20932.0,5341.0
19,17043.0,8585.0,22056.0,13246.0,12408.0,5962.0,17130.0,2865.0,39000.0,8398.0,5273.0,26785.0,27578.0,17773.0,32532.0,38769.0,28556.0,19210.0,14557.0,0.0,5878.0,9068.0,10926.0,17273.0,28465.0,38792.0,30725.0,15266.0,10615.0,35895.0,14981.0,7278.0,8595.0,9007.0,18142.0,17637.0,7590.0,14405.0,34953.0,16837.0,10109.0,13133.0,16940.0,12299.0,16374.0,9243.0,19865.0,15637.0,48455.0,12536.0,12855.0,5085.0,20237.0,48627.0,15500.0,40792.0,8268.0,4564.0,8918.0,16275.0,11747.0,10840.0,20201.0,10892.0,15220.0,13231.0,15612.0,5119.0,20130.0,17284.0,13561.0,17920.0,9043.0,6740.0,17926.0,13329.0,12152.0,4006.0,24504.0,25911.0,36773.0,12593.0,12384.0,9475.0,16786.0,25764.0,39789.0,4546.0,13948.0,14523.0,13399.0,13546.0,14590.0,15209.0,11697.0,20412.0,29534.0,9848.0,15499.0,15488.0,19517.0,13482.0,11110.0,52218.0,14916.0,12058.0,31697.0,11355.0,6925.0,47289.0,30601.0,16217.0,29625.0,22616.0,10739.0,6909.0,14467.0,5325.0,6718.0,7171.0,10149.0,10482.0,9543.0,12763.0,7769.0,13772.0,7879.0,5171.0,9321.0,36844.0,13140.0,7273.0,11945.0,20375.0,48776.0,19120.0,17528.0,16863.0,33364.0,10162.0,8366.0,28617.0,14380.0,15768.0,10783.0,29367.0,8616.0,12221.0,5321.0,30181.0,14019.0,26589.0,12783.0,25641.0,27440.0,11455.0,47907.0,8601.0,13079.0,33139.0,10144.0,10075.0,6405.0,7851.0,28569.0,14047.0,18465.0,13007.0,12167.0,16119.0,15696.0,14914.0,4401.0,12473.0,2566.0,10424.0,7277.0,15117.0,21136.0,17541.0,13414.0,4798.0,35214.0,17942.0,28917.0,17886.0,12456.0,13329.0,9876.0,33525.0,15722.0,15873.0,11817.0,9518.0,8277.0,15911.0,17083.0,20201.0,11591.0,6430.0,10786.0
20,22496.0,10900.0,24480.0,19107.0,14360.0,8011.0,22992.0,5510.0,44787.0,3908.0,8961.0,32654.0,33362.0,23557.0,38363.0,44640.0,34313.0,23202.0,8889.0,5878.0,0.0,14919.0,10370.0,23141.0,34336.0,44667.0,36558.0,14801.0,16398.0,41771.0,17421.0,13055.0,14467.0,8549.0,23959.0,23458.0,11822.0,16010.0,40736.0,12682.0,14862.0,16440.0,22776.0,8426.0,13392.0,8626.0,24485.0,13795.0,54221.0,17674.0,7008.0,5632.0,26113.0,54407.0,13327.0,46493.0,14094.0,10420.0,13807.0,17447.0,17289.0,16490.0,24645.0,7378.0,10317.0,18549.0,21420.0,10997.0,25858.0,23160.0,19368.0,20695.0,14667.0,12162.0,21535.0,18775.0,10574.0,6860.0,30187.0,31555.0,42463.0,7861.0,6507.0,8460.0,18636.0,31361.0,45666.0,5214.0,17013.0,10659.0,19116.0,10486.0,12408.0,9719.0,17323.0,26290.0,35369.0,15464.0,17782.0,18717.0,25352.0,7728.0,16977.0,57977.0,14279.0,6189.0,37557.0,6624.0,12776.0,53119.0,36466.0,13193.0,35498.0,27684.0,15932.0,6090.0,20334.0,11141.0,11102.0,7650.0,6098.0,6149.0,8526.0,18452.0,4506.0,7952.0,6709.0,9858.0,4873.0,42488.0,11395.0,8998.0,6589.0,25614.0,54540.0,24872.0,21715.0,19811.0,39225.0,13580.0,14228.0,34051.0,20140.0,21629.0,10649.0,34900.0,12872.0,15038.0,10876.0,35969.0,17414.0,32461.0,17705.0,31511.0,33270.0,17316.0,53736.0,6627.0,7371.0,39001.0,9365.0,9310.0,11800.0,6045.0,34321.0,11264.0,16304.0,18709.0,6892.0,20834.0,16054.0,17107.0,9161.0,7808.0,7967.0,5359.0,13084.0,19907.0,27013.0,22547.0,7619.0,10630.0,40906.0,22837.0,34761.0,13022.0,10811.0,8730.0,15384.0,39376.0,19483.0,21708.0,17657.0,15375.0,13268.0,21665.0,11900.0,24903.0,8603.0,12104.0,4966.0
21,10558.0,10997.0,20062.0,4191.0,15371.0,10664.0,8074.0,10737.0,30493.0,17262.0,9679.0,17945.0,18547.0,8769.0,23878.0,29876.0,19555.0,16701.0,23604.0,9068.0,14919.0,0.0,17179.0,8233.0,19593.0,29772.0,21658.0,20543.0,1848.0,26963.0,16446.0,3488.0,745.0,14505.0,9090.0,8583.0,9004.0,17308.0,26488.0,24163.0,8447.0,11462.0,8509.0,19819.0,23810.0,14797.0,15681.0,20795.0,39976.0,8393.0,21917.0,12722.0,11349.0,40104.0,21033.0,32562.0,917.0,4505.0,7614.0,19375.0,4036.0,4934.0,16436.0,19168.0,23950.0,6061.0,7459.0,4034.0,11213.0,8425.0,5627.0,15971.0,4482.0,3996.0,16503.0,7623.0,19001.0,10607.0,15631.0,17093.0,28615.0,21325.0,21416.0,16468.0,16733.0,17033.0,30800.0,12425.0,12482.0,21789.0,4672.0,20231.0,20279.0,24198.0,3587.0,11489.0,20884.0,2537.0,17095.0,13222.0,11001.0,22547.0,2101.0,43754.0,20433.0,21108.0,22638.0,20136.0,2924.0,38590.0,21772.0,22518.0,20601.0,16859.0,4993.0,14555.0,5430.0,4393.0,6947.0,13808.0,18078.0,18541.0,15355.0,5877.0,15715.0,22696.0,15421.0,6691.0,18111.0,28832.0,19961.0,11360.0,20924.0,14288.0,40304.0,10165.0,14858.0,14810.0,24551.0,9671.0,737.0,21422.0,6699.0,7163.0,15268.0,21838.0,9222.0,11880.0,4498.0,21143.0,11853.0,17727.0,9315.0,16603.0,18375.0,2406.0,39211.0,16423.0,22139.0,24322.0,15522.0,16719.0,5770.0,15761.0,19574.0,20405.0,25026.0,5978.0,20695.0,12337.0,18158.0,16800.0,7972.0,20556.0,7642.0,19349.0,1924.0,11350.0,12203.0,12590.0,22315.0,4291.0,26284.0,13269.0,20218.0,25816.0,18029.0,21972.0,3183.0,24459.0,14456.0,6809.0,3844.0,474.0,7146.0,6990.0,25342.0,15752.0,19499.0,3222.0,19739.0
22,19565.0,19343.0,32967.0,20579.0,5852.0,16492.0,24035.0,8061.0,42348.0,7651.0,7509.0,31848.0,34683.0,25426.0,36628.0,43449.0,35819.0,16272.0,12553.0,10926.0,10370.0,17179.0,0.0,24032.0,33537.0,44218.0,37247.0,4513.0,19025.0,40869.0,8851.0,13839.0,16458.0,18437.0,25501.0,25006.0,8841.0,6630.0,38390.0,22490.0,11514.0,24050.0,22153.0,18597.0,6965.0,18579.0,18749.0,24152.0,51377.0,14524.0,12799.0,5922.0,26025.0,51674.0,23696.0,43344.0,16767.0,13708.0,11232.0,7488.0,20948.0,15565.0,18482.0,5518.0,10204.0,22809.0,20671.0,13641.0,27977.0,23343.0,18912.0,28845.0,14122.0,16765.0,14119.0,16442.0,2079.0,7186.0,32353.0,33876.0,39362.0,8449.0,13183.0,1921.0,27563.0,33930.0,44956.0,6507.0,24874.0,20730.0,21822.0,20809.0,22776.0,12141.0,20650.0,26311.0,33809.0,19043.0,8937.0,26402.0,24462.0,12397.0,18617.0,54995.0,4067.0,12649.0,37767.0,8080.0,14257.0,50940.0,35384.0,23478.0,35416.0,22823.0,20703.0,4448.0,21525.0,12890.0,17547.0,3769.0,16334.0,16272.0,18611.0,17317.0,14865.0,15198.0,3673.0,15975.0,7392.0,39107.0,2889.0,17768.0,9923.0,21503.0,51669.0,26890.0,15371.0,27788.0,37944.0,21085.0,16475.0,30022.0,19171.0,21517.0,20505.0,31261.0,9305.0,23132.0,15335.0,37156.0,24923.0,31748.0,13920.0,31760.0,34138.0,19024.0,51530.0,3894.0,11887.0,37744.0,19409.0,1061.0,11553.0,4345.0,35867.0,21614.0,7875.0,17597.0,16069.0,15842.0,25835.0,8259.0,9265.0,17565.0,10288.0,8685.0,16099.0,15280.0,26998.0,18077.0,15123.0,14064.0,42664.0,18013.0,33375.0,22107.0,21114.0,8417.0,19350.0,39709.0,12668.0,23257.0,17837.0,17467.0,11195.0,23912.0,20580.0,19317.0,4529.0,15964.0,13108.0
23,8655.0,17921.0,22502.0,4043.0,20717.0,18367.0,356.0,18685.0,22719.0,25305.0,16892.0,9908.0,10680.0,2466.0,16007.0,21712.0,11794.0,17557.0,31752.0,17273.0,23141.0,8233.0,24032.0,0.0,11493.0,21539.0,13538.0,26608.0,6990.0,18774.0,20643.0,10601.0,8680.0,22026.0,1923.0,1663.0,15210.0,22306.0,18813.0,31919.0,13060.0,16042.0,3551.0,27727.0,30942.0,22312.0,15005.0,27769.0,32164.0,10884.0,30128.0,20463.0,3453.0,32247.0,28160.0,25082.0,9094.0,12721.0,12948.0,24221.0,7406.0,8548.0,16043.0,26884.0,31850.0,7981.0,4385.0,12170.0,4546.0,1638.0,5351.0,19167.0,9913.0,11683.0,18422.0,8858.0,26022.0,18279.0,8522.0,10065.0,21285.0,29250.0,29643.0,23713.0,21228.0,10280.0,22574.0,20255.0,16904.0,29570.0,5051.0,27849.0,27509.0,32285.0,6941.0,3474.0,13066.0,8450.0,21266.0,16817.0,4377.0,30727.0,6164.0,35938.0,26644.0,29328.0,14427.0,28103.0,10571.0,30573.0,13706.0,29910.0,12368.0,13905.0,9730.0,22182.0,2807.0,12240.0,14235.0,21121.0,26131.0,26619.0,22912.0,7127.0,23812.0,30928.0,22958.0,14494.0,26106.0,21680.0,26914.0,18797.0,29015.0,11511.0,32497.0,3585.0,16028.0,18176.0,16482.0,15595.0,8914.0,15747.0,5595.0,3007.0,22369.0,15644.0,14912.0,17222.0,12587.0,13209.0,15936.0,9660.0,11922.0,8371.0,10292.0,5828.0,31194.0,24025.0,30306.0,16251.0,22925.0,23790.0,12676.0,23428.0,11839.0,27895.0,31593.0,6888.0,28864.0,13195.0,24006.0,21220.0,15431.0,28616.0,15603.0,27411.0,10120.0,12634.0,4132.0,11971.0,30545.0,12522.0,18637.0,12745.0,12345.0,33771.0,25334.0,29837.0,8900.0,16274.0,17022.0,1857.0,6197.0,7771.0,12871.0,3174.0,33411.0,14744.0,27024.0,11284.0,27972.0
24,14282.0,29281.0,31282.0,15465.0,29039.0,29856.0,11730.0,29508.0,11501.0,36127.0,27144.0,1707.0,6950.0,12136.0,4842.0,10304.0,7756.0,21984.0,42700.0,28465.0,34336.0,19593.0,33537.0,11493.0,0.0,10682.0,5898.0,35155.0,18476.0,7464.0,27889.0,21378.0,19941.0,33482.0,11417.0,11811.0,24882.0,30127.0,7926.0,43398.0,22024.0,26665.0,11689.0,39220.0,40482.0,33766.0,18489.0,39029.0,20806.0,19054.0,41250.0,31017.0,8247.0,20849.0,39474.0,14278.0,20486.0,23989.0,22406.0,31692.0,18728.0,18372.0,19489.0,37238.0,42366.0,18818.0,13141.0,23354.0,11108.0,11192.0,15136.0,28784.0,20115.0,23174.0,23785.0,17095.0,35610.0,28844.0,9719.0,10129.0,10978.0,39842.0,40836.0,33634.0,31460.0,10930.0,11480.0,30910.0,27390.0,41054.0,16386.0,39307.0,38862.0,43106.0,18338.0,8107.0,2613.0,19932.0,28402.0,26896.0,9180.0,41755.0,17492.0,24561.0,35343.0,40488.0,5126.0,38771.0,21569.0,19084.0,2226.0,41303.0,2849.0,14823.0,20983.0,32560.0,14212.0,23224.0,25703.0,31225.0,37609.0,38090.0,34372.0,16438.0,35275.0,42222.0,33215.0,25986.0,36844.0,11724.0,36392.0,30254.0,39872.0,14054.0,21142.0,11486.0,21232.0,27992.0,4990.0,26740.0,20225.0,10734.0,14583.0,12725.0,33721.0,9433.0,24265.0,28085.0,24033.0,7251.0,26344.0,1876.0,19785.0,4049.0,5445.0,17202.0,19705.0,34318.0,41308.0,4759.0,34353.0,33530.0,23098.0,33811.0,7898.0,39324.0,40448.0,16156.0,40288.0,19061.0,34833.0,28605.0,25965.0,40093.0,26529.0,38235.0,21511.0,19124.0,7398.0,16874.0,41852.0,23828.0,12214.0,17374.0,1942.0,45264.0,36723.0,40332.0,20351.0,6933.0,23363.0,13233.0,16726.0,19120.0,22585.0,13990.0,44888.0,17927.0,37143.0,22730.0,39243.0
